4
2 0 0 11 9 14 9 0 0 0 0 8 13 0 0 16
0 15 0 0 12 0 0 0 16 0 0 0 0 8 0 0
0 5 13 0 16 0 7 0 0 0 12 0 0 0 0 0
0 0 4 12 8 0 15 13 0 0 10 0 1 9 14 3
0 13 0 0 0 0 14 11 12 0 0 0 0 6 0 0
0 0 0 0 15 12 0 9 0 0 0 0 8 0 13 0
14 0 0 5 13 8 0 7 0 6 0 11 0 16 12 0
0 0 0 0 0 0 0 4 0 10 0 0 7 0 0 15
0 2 9 13 5 0 0 12 1 3 0 0 0 0 0 0
0 1 16 15 0 0 0 0 0 5 0 6 14 13 9 0
0 8 0 0 0 0 0 0 2 0 0 13 3 10 0 6
0 6 10 0 0 0 11 0 0 8 9 0 0 2 15 0
0 0 0 10 0 0 13 0 3 0 0 0 16 0 0 0 
16 0 15 0 0 10 0 0 8 1 0 5 0 0 2 12
0 0 0 0 14 0 0 0 0 0 0 15 0 0 8 0
0 0 6 0 0 8 3 0 14 16 2 0 0 1 0 10